58032
119232
75600
90720
31104
110592
46288
32508
45136
57008
106020
34832
54016
69600
10404
97686
39324
24444
12096
6480
45900
45990
40704
59360
66192
77292
59420
30828
18720
68154
95904
2160
65340
77376
1952
1610
92160
95760
11466
37888
129456
54720
53766
74256
35616
21588
28008
38190
19840
54014
59498
58080
63612
22176
126360
57906
166800
4368
34764
1736
9920
132672
144720
83676
79448
104160
114534
59742
36720
91896
29376
15974
3852
57024
5928
5084
14688
57354
13440
72576
19461
66444
172368
91140
57876
44940
120960
12192
34344
109368
65286
72096
80352
109440
37660
1344
38880
35364
91152
7488
1832
11520
60036
6936
18270
104544
95040
63240
30576
18848
99036
29600
39360
100800
127368
37800
53124
32832
20400
108864
62016
132496
196740
12924
8528
36352
54808
34720
46176
20478
56742
65136
44640
80640
86400
95040
49896
90414
75552
98280
38730
3968
39152
37696
115024
45600
7440
6564
53040
32832
18468
56544
9252
13176
50580
40448
54432
46240
56010
55048
1890
59668
33264
51520
10080
1456
129416
27264
78912
40850
55380
24048
53928
45904
55440
74144
19008
83616
55614
73176
22320
105410
78336
32468
46816
3720
38456
14616
103680
129024
44688
57204
45900
31872
43680
82800
20006
161280
75600
13440
79224
10416
74304
84816
44954
75240
16200
76608
26880
65664
57900
37296
55440
62880
15960
109550
70000
28944
7560
151200
36216
142688
59558
65448
70680
45468
41520
64044
117306
27776
14904
44790
23040
69426
50544
143256
4974
24180
5208
44280
85104
37242
63000
60476
47502
16976
56630
43708
48912
18256
29760
27894
14976
53624
36288
106020
113688
58464
127596
69612
29484
14880
41440
47706
9480
40608
108864
98496
5520
34884
22932
3108
49896
10668
43200
118872
38952
6840
5808
90720
49920
44336
70848
32804
72618
84336
31544
504
27474
47616
57042
99144
67032
24072
131208
35928
25480
10080
71136
31200
45792
99792
129456
15876
78216
69696
16680
24480
15810
42432
44064
85176
39828
100812
111834
52536
106704
44688
28224
49662
48648
80256
24984
4860
75438
59408
2166
64542
100080
16920
138720
88214
72960
105600
84720
37512
47624
61920
12096
41874
89280
44450
7872
11440
47124
69552
99450
36340
98280
75816
4384
205933
27648
156060
17248
192448
57120
44498
152376
32736
86256
42588
67200
59400
56916
119160
88704
14304
8640
108864
45840
60480
43008
614
56448
108864
91728
29472
92454
12822
125160
19392
52920
90818
34356
60270
97920
77280
29512
91440
49404
64800
4992
95200
12996
54432
83280
1536
33522
131904
70720
70848
18228
33180
56700
63472
59288
33992
72240
96096
14544
69660
51254
10584
56160
88704
98553
8992
46872
90072
78336
56980
103680
74304
99372
60534
19872
110880
160208
129090
25152
12960
29952
42240
172800
43964
82992
57546
133146
72576
9492
73776
1584
3040
25718
94080
10240
62594
25920
74480
25272
2520
35538
8034
61776
78400
87420
37440
67704
87808
5376
15608
99968
98304
44640
75786
53712
9828
22680
127680
46452
43200
30492
64008
129456
26880
34632
115860
102144
28800
32256
7688
4806
39858
72576
5808
57128
51168
33600
38760
31070
2196
62712
167440
43008
65520
35328
44244
145152
73728
36216
39
12240
49352
25074
5184
36720
16740
63450
59040
88776
21952
3078
7800
92688
72576
9720
5952
79520
120652
79884
46092
15540
61950
36720
5600
14120
46704
49824
109760
19200
17560
34776
25730
49536
101640
66000
28512
57780
58944
15150
15120
36864
48648
12954
69916
92430
52920
55552
70560
132496
68256
37202
18480
31176
27368
2280
79056
25650
22272
26568
66960
8648
58734
8820
5136
47824
77880
38640
31230
34524
52512
75888
116424
44376
37920
66960
36816
76032
42592
93744
30842
69120
48384
126720
51612
59392
60120
40656
75456
90
91800
167622
108000
97902
28224
117816
115200
44408
188976
122304
50160
53280
144612
6960
30654
33264
73080
19512
65184
46760
54152
88128
31080
60984
9000
102144
8064
48552
100116
83016
15120
43260
3096
52668
7866
99000
26502
66836
58080
9376
20312
5232
24890
55800
75600
155040
69360
59652
102672
45136
95760
42432
65184
66192
135072
50464
59496
71720
173712
32832
119460
15840
82656
9882
52080
48048
78400
98560
22568
48822
65268
11616
53880
67552
11232
39828
38654
68832
33300
54000
76560
79632
35970
102336
98928
92052
15316
80352
3984
56792
8640
145544
53568
48384
58880
4944
31392
32400
129600
7448
60552
92232
133896
89466
85332
118048
2976
53136
64480
59618
776
114048
33264
145152
78592
18736
34720
50688
25386
50400
43848
35868
176400
78096
44640
36612
4056
42000
48960
84320
89280
64440
9576
5234
89376
73152
157604
20040
84312
44688
53676
3360
30400
18736
30960
66960
71696
108540
9480
360
35520
46116
62496
33855
107670
60990
68640
56544
51134
51648
24992
24696
29148
49248
43080
30132
59760
12544
10008
47736
37800
45600
49412
75840
66240
128016
46242
72576
24206
169344
89280
10752
80712
50400
10624
9360
99624
36096
5586
3072
17760
156816
42120
57600
65280
71280
68544
77400
83160
5040
44418
34560
71928
106020
93312
18000
32564
52128
38464
52920
7140
56160
115824
46242
102984
10974
60450
39240
98784
12714
54368
89280
85626
141732
113760
54060
87066
30624
36600
74304
65664
49248
100440
79632
125280
38068
70560
101088
10780
7512
102144
112644
31552
51840
20160
93750
41472
11552
45936
149760
73920
128772
59760
60606
46228
42672
73944
52776
93744
78156
32172
31320
27768
338
35924
123840
59772
42012
60608
117936
60480
68160
102672
17056
8568
37644
2792
28616
208320
40320
129090
93042
33522
14892
89600
126000
22320
25344
60192
86640
42120
80256
121680
76440
95340
27360
64584
59148
121296
82836
94752
56352
73008
75648
63576
70560
135520
71424
55512
39324
9576
93312
90720
120280
868
88836
60768
43968
22866
62010
208320
23930
60480
43536
39928
55000
69760
161280
63648
49920
4320
97944
7344
19560
95076
67704
2160
23670
22104
93324
34470
50480
1728
14880
16848
58442
160320
40768
5490
7488
9000
124800
55536
25560
36480
78300
960
69938
22968
55188
41724
20208
57600
39858
54294
44408
17862
121680
9464
73208
75544
83844
55440
93600
49050
45300
60624
15288
164736
74620
115584
31528
11904
80920
49572
55062
41712
100058
57024
53496
57176
53018
105840
20202
68580
13068
44064
96552
49392
2880
20352
6288
21504
89280
42464
63240
43200
108576
102384
