8(8(2(1()())())())
8(8(3(7()())())())
4(4(2(4()())())())
5(5(4()(1(7(3()())(4()()))(4(3()())())))())
21(7()(5()(5()(4(1(7()())())()))))
47(7(9()(1(4()(7()(5(9(3(4(10()())())())(5(9(5(6(3(1(9()(2(3()(9(1(3(7()())(9()()))(9(5()(2()()))()))(7()())))(5(2()(6()(2()())))())))())(7()(2()(3()()))))(9()(10(4()(3()(4(3()(5()()))())))())))(3()()))())()))(6(10()())()))))()))())
24(9()(6()(1(2(9(8(7()())(1(1(7()())())(8()())))())(6(5(9()())())()))())))
15(8()(3(7(4(4()(9(6(3(3()())(9(3(3(8()())(7()()))())()))(3()()))()))())())(3(1(8(5(4(2()(4()(3(1()(10()(9()())))())))())(2()()))())())())))
18(4(9()())(1()(4()(9(3(9()(7()(8(6()())(5()(5()())))))(8(4()(1()()))()))()))))
38

(5
  (6
    (4
      ()()
    )
    (3
      ()()
    )
  )
  (7
    (2
      (1
        ()()
      )
      (10
         ()
         (9
           (5
             ()()
           )
           (2
             ()()
           )
         )
      )
    )
    ()
  )
)
